10.00 0.46 300 162 
 20.00 0.43 300 170 
 30.00 0.47 300 160 
 40.00 0.07 300 279 
 50.00 0.04 300 288 
 60.00 0.03 300 292 
 10.00 0.52 300 145 
 20.00 0.27 300 218 
 30.00 0.11 300 268 
 40.00 0.06 300 282 
 50.00 0.06 300 283 
 60.00 0.02 300 293 
 10.00 0.78 300 67 
 20.00 0.51 300 146 
 30.00 0.07 300 278 
 40.00 0.08 300 276 
 50.00 0.03 300 290 
 60.00 0.03 300 292 
 10.00 0.73 300 82 
 20.00 0.21 300 237 
 30.00 0.03 300 291 
 40.00 0.04 300 289 
 50.00 0.07 300 280 
 60.00 0.04 300 287 
 10.00 0.50 300 151 
 20.00 0.06 300 281 
 30.00 0.09 300 273 
 40.00 0.03 300 291 
 50.00 0.04 300 288 
 60.00 0.03 300 290 
 10.00 0.67 300 100 
 20.00 0.27 300 218 
 30.00 0.12 300 264 
 40.00 0.03 300 290 
 50.00 0.05 300 284 
 60.00 0.04 300 288 
 10.00 0.00 300 300 
 20.00 0.05 300 284 
 30.00 0.40 300 179 
 40.00 0.09 300 274 
 50.00 0.13 300 261 
 60.00 0.06 300 281 
 10.00 0.50 300 151 
 20.00 0.27 300 218 
 30.00 0.14 300 258 
 40.00 0.03 300 290 
 50.00 0.04 300 289 
 60.00 0.05 300 285 
 10.00 0.55 300 136 
 20.00 0.44 300 167 
 30.00 0.35 300 194 
 40.00 0.06 300 283 
 50.00 0.11 300 268 
 60.00 0.06 300 281 
 10.00 0.82 300 54 
 20.00 0.46 300 163 
 30.00 0.05 300 284 
 40.00 0.06 300 283 
 50.00 0.05 300 284 
 60.00 0.03 300 290 
 