10.00 0.49 1234 1172
 20.00 0.76 1587 5027
 30.00 0.87 1515 10162
 40.00 0.92 1735 19779
 50.00 0.93 1760 24017
 60.00 0.94 1770 26544
 10.00 0.58 1253 1736
 20.00 0.84 1456 7467
 30.00 0.88 1701 12198
 40.00 0.92 1755 21038
 50.00 0.93 1758 22698
 60.00 0.95 1719 30586
 10.00 0.65 1137 2123
 20.00 0.86 1476 9321
 30.00 0.91 1718 16729
 40.00 0.94 1736 25824
 50.00 0.94 1729 27492
 60.00 0.96 1749 40158
 10.00 0.58 1004 1359
 20.00 0.79 1691 6177
 30.00 0.88 1736 12394
 40.00 0.88 1767 12722
 50.00 0.94 1747 28191
 60.00 0.95 1754 34154
 10.00 0.25 1464 484
 20.00 0.74 1740 5041
 30.00 0.85 1742 10133
 40.00 0.86 1763 10508
 50.00 0.95 1742 35151
 60.00 0.96 1736 37931
 10.00 0.46 1289 1100
 20.00 0.81 1536 6719
 30.00 0.89 1655 13460
 40.00 0.88 1769 12633
 50.00 0.95 1721 33959
 60.00 0.96 1743 40411
 10.00 0.59 1553 2261
 20.00 0.85 1690 9223
 30.00 0.90 1526 13822
 40.00 0.93 1702 24032
 50.00 0.95 1726 31895
 60.00 0.96 1727 39502
 10.00 0.67 1274 2620
 20.00 0.68 1532 3230
 30.00 0.93 1637 20289
 40.00 0.91 1757 18057
 50.00 0.92 1760 21531
 60.00 0.95 1709 35890
 10.00 0.57 1316 1724
 20.00 0.76 1492 4709
 30.00 0.88 1656 11964
 40.00 0.92 1750 20831
 50.00 0.96 1742 40385
 60.00 0.95 1747 30417
 10.00 0.50 1361 1373
 20.00 0.68 1629 3534
 30.00 0.87 1732 11828
 40.00 0.94 1694 27116
 50.00 0.95 1750 30261
 60.00 0.94 1768 29183
 