5.00 0.97 1485 48838
 10.00 0.96 1661 42496
 15.00 0.95 1750 31543
 20.00 0.96 1695 45600
 25.00 0.95 1746 32955
 30.00 0.97 1695 50117
 5.00 0.93 1766 22353
 10.00 0.94 1766 25992
 15.00 0.94 1751 25682
 20.00 0.97 1726 48004
 25.00 0.95 1719 36316
 30.00 0.97 1693 60449
 5.00 0.90 1778 15752
 10.00 0.90 1739 16427
 15.00 0.95 1699 35004
 20.00 0.96 1720 44204
 25.00 0.96 1651 38530
 30.00 0.96 1715 44353
 5.00 0.90 1771 16486
 10.00 0.90 1771 15853
 15.00 0.94 1740 27916
 20.00 0.96 1732 40776
 25.00 0.97 1699 58021
 30.00 0.97 1699 53518
 5.00 0.92 1744 20857
 10.00 0.94 1749 26676
 15.00 0.96 1738 44253
 20.00 0.97 1715 53894
 25.00 0.97 1686 56118
 30.00 0.97 1667 60394
 5.00 0.84 1785 9431
 10.00 0.95 1750 32760
 15.00 0.96 1720 37371
 20.00 0.96 1724 46660
 25.00 0.97 1698 54621
 30.00 0.96 1715 44180
 5.00 0.84 1783 9715
 10.00 0.94 1750 25243
 15.00 0.95 1743 34215
 20.00 0.96 1724 43525
 25.00 0.96 1729 42320
 30.00 0.97 1650 54671
 5.00 0.92 1765 19502
 10.00 0.95 1721 34025
 15.00 0.96 1717 41590
 20.00 0.96 1687 45736
 25.00 0.96 1708 44429
 30.00 0.97 1612 48683
 5.00 0.91 1771 18207
 10.00 0.94 1748 26602
 15.00 0.95 1715 35795
 20.00 0.97 1710 53070
 25.00 0.96 1695 37828
 30.00 0.98 1683 65751
 5.00 0.86 1783 11220
 10.00 0.93 1755 24849
 15.00 0.94 1740 29233
 20.00 0.97 1718 49357
 25.00 0.95 1736 36831
 30.00 0.98 1646 69915
 