5.00 0.02 300 293 
 10.00 0.21 300 237 
 15.00 0.06 300 282 
 20.00 0.10 300 271 
 25.00 0.04 300 287 
 30.00 0.16 300 252 
 5.00 0.05 300 285 
 10.00 0.06 300 283 
 15.00 0.04 300 288 
 20.00 0.07 300 278 
 25.00 0.08 300 275 
 30.00 0.12 300 264 
 5.00 0.03 300 292 
 10.00 0.04 300 287 
 15.00 0.06 300 281 
 20.00 0.09 300 272 
 25.00 0.07 300 278 
 30.00 0.06 300 282 
 5.00 0.03 300 290 
 10.00 0.03 300 290 
 15.00 0.07 300 278 
 20.00 0.06 300 282 
 25.00 0.07 300 279 
 30.00 0.12 300 265 
 5.00 0.08 300 277 
 10.00 0.03 300 290 
 15.00 0.06 300 281 
 20.00 0.11 300 266 
 25.00 0.14 300 259 
 30.00 0.20 300 241 
 5.00 0.02 300 295 
 10.00 0.07 300 280 
 15.00 0.10 300 271 
 20.00 0.08 300 276 
 25.00 0.09 300 273 
 30.00 0.10 300 270 
 5.00 0.01 300 297 
 10.00 0.05 300 286 
 15.00 0.09 300 274 
 20.00 0.10 300 271 
 25.00 0.07 300 280 
 30.00 0.17 300 248 
 5.00 0.05 300 285 
 10.00 0.02 300 293 
 15.00 0.12 300 264 
 20.00 0.13 300 260 
 25.00 0.11 300 267 
 30.00 0.16 300 253 
 5.00 0.02 300 295 
 10.00 0.06 300 282 
 15.00 0.08 300 275 
 20.00 0.13 300 260 
 25.00 0.18 300 247 
 30.00 0.08 300 275 
 5.00 0.03 300 290 
 10.00 0.04 300 289 
 15.00 0.05 300 285 
 20.00 0.10 300 271 
 25.00 0.03 300 292 
 30.00 0.21 300 236 
 