10.00 0.37 300 189 
 20.00 0.29 300 212 
 30.00 0.04 300 289 
 40.00 0.12 300 263 
 50.00 0.08 300 276 
 60.00 0.05 300 285 
 10.00 0.66 300 101 
 20.00 0.48 300 157 
 30.00 0.24 300 227 
 40.00 0.07 300 280 
 50.00 0.05 300 284 
 60.00 0.07 300 280 
 10.00 0.23 300 230 
 20.00 0.44 300 169 
 30.00 0.17 300 249 
 40.00 0.06 300 281 
 50.00 0.05 300 286 
 60.00 0.05 300 284 
 10.00 0.23 300 230 
 20.00 0.36 300 192 
 30.00 0.08 300 277 
 40.00 0.02 300 294 
 50.00 0.05 300 285 
 60.00 0.03 300 290 
 10.00 0.69 300 92 
 20.00 0.08 300 275 
 30.00 0.08 300 275 
 40.00 0.17 300 249 
 50.00 0.07 300 279 
 60.00 0.08 300 276 
 10.00 0.57 300 129 
 20.00 0.11 300 267 
 30.00 0.09 300 274 
 40.00 0.05 300 284 
 50.00 0.06 300 283 
 60.00 0.04 300 288 
 10.00 0.32 300 203 
 20.00 0.18 300 245 
 30.00 0.09 300 273 
 40.00 0.03 300 290 
 50.00 0.05 300 285 
 60.00 0.01 300 298 
 10.00 0.19 300 243 
 20.00 0.35 300 195 
 30.00 0.08 300 275 
 40.00 0.05 300 284 
 50.00 0.03 300 290 
 60.00 0.03 300 290 
 10.00 0.67 300 100 
 20.00 0.46 300 163 
 30.00 0.08 300 275 
 40.00 0.17 300 249 
 50.00 0.12 300 264 
 60.00 0.04 300 289 
 10.00 0.30 300 211 
 20.00 0.10 300 270 
 30.00 0.06 300 282 
 40.00 0.12 300 263 
 50.00 0.03 300 290 
 60.00 0.05 300 286 
 