10.00 0.42 1185 874
 20.00 0.74 1526 4391
 30.00 0.85 1688 9613
 40.00 0.92 1711 20393
 50.00 0.96 1734 40451
 60.00 0.96 1734 40494
 10.00 0.49 1207 1156
 20.00 0.86 1399 8294
 30.00 0.89 1587 13501
 40.00 0.90 1754 14977
 50.00 0.94 1736 26677
 60.00 0.96 1736 44437
 10.00 0.35 1470 795
 20.00 0.77 1363 4688
 30.00 0.88 1691 12314
 40.00 0.94 1713 25847
 50.00 0.94 1752 27898
 60.00 0.95 1751 36520
 10.00 0.39 1627 1035
 20.00 0.83 1601 7952
 30.00 0.83 1731 8465
 40.00 0.90 1749 16501
 50.00 0.94 1733 26803
 60.00 0.95 1759 31795
 10.00 0.69 1164 2649
 20.00 0.74 1684 4708
 30.00 0.82 1720 7948
 40.00 0.91 1716 17031
 50.00 0.94 1753 26076
 60.00 0.96 1743 42245
 10.00 0.58 1120 1573
 20.00 0.65 1720 3253
 30.00 0.89 1693 13141
 40.00 0.94 1729 25941
 50.00 0.94 1761 26169
 60.00 0.94 1768 27766
 10.00 0.54 1299 1533
 20.00 0.85 1660 9180
 30.00 0.90 1617 15264
 40.00 0.90 1739 16476
 50.00 0.94 1739 27594
 60.00 0.94 1760 29005
 10.00 0.60 1407 2093
 20.00 0.76 1516 4710
 30.00 0.87 1683 11523
 40.00 0.93 1754 22059
 50.00 0.94 1746 28520
 60.00 0.94 1718 25456
 10.00 0.43 1376 1048
 20.00 0.83 1484 7139
 30.00 0.87 1697 11430
 40.00 0.94 1664 27140
 50.00 0.92 1746 20731
 60.00 0.95 1764 30363
 10.00 0.42 1634 1183
 20.00 0.82 1643 7423
 30.00 0.84 1765 9532
 40.00 0.94 1712 27744
 50.00 0.94 1763 26575
 60.00 0.95 1757 30481
 