5.00 0.23 300 231 
 10.00 0.03 300 292 
 15.00 0.09 300 273 
 20.00 0.08 300 277 
 25.00 0.11 300 268 
 30.00 0.09 300 274 
 5.00 0.04 300 287 
 10.00 0.07 300 280 
 15.00 0.02 300 294 
 20.00 0.11 300 268 
 25.00 0.14 300 258 
 30.00 0.14 300 257 
 5.00 0.03 300 291 
 10.00 0.02 300 294 
 15.00 0.08 300 276 
 20.00 0.10 300 270 
 25.00 0.15 300 255 
 30.00 0.20 300 239 
 5.00 0.04 300 289 
 10.00 0.02 300 293 
 15.00 0.13 300 261 
 20.00 0.16 300 253 
 25.00 0.08 300 277 
 30.00 0.09 300 273 
 5.00 0.04 300 287 
 10.00 0.06 300 283 
 15.00 0.15 300 255 
 20.00 0.08 300 275 
 25.00 0.46 300 161 
 30.00 0.10 300 269 
 5.00 0.05 300 285 
 10.00 0.07 300 278 
 15.00 0.04 300 288 
 20.00 0.07 300 278 
 25.00 0.14 300 257 
 30.00 0.10 300 269 
 5.00 0.02 300 294 
 10.00 0.02 300 294 
 15.00 0.07 300 278 
 20.00 0.16 300 253 
 25.00 0.11 300 267 
 30.00 0.09 300 274 
 5.00 0.09 300 272 
 10.00 0.02 300 295 
 15.00 0.07 300 278 
 20.00 0.09 300 273 
 25.00 0.06 300 282 
 30.00 0.14 300 258 
 5.00 0.03 300 290 
 10.00 0.04 300 289 
 15.00 0.07 300 279 
 20.00 0.09 300 272 
 25.00 0.17 300 248 
 30.00 0.09 300 273 
 5.00 0.02 300 294 
 10.00 0.09 300 272 
 15.00 0.05 300 285 
 20.00 0.09 300 273 
 25.00 0.08 300 275 
 30.00 0.14 300 257 
 