5.00 0.91 1711 17785
 10.00 0.94 1751 27954
 15.00 0.96 1736 36894
 20.00 0.96 1700 36637
 25.00 0.96 1717 45788
 30.00 0.96 1713 47072
 5.00 0.85 1774 10042
 10.00 0.90 1774 15705
 15.00 0.95 1660 30078
 20.00 0.96 1682 45833
 25.00 0.97 1643 58741
 30.00 0.97 1706 51324
 5.00 0.92 1753 20545
 10.00 0.92 1772 20569
 15.00 0.95 1734 35346
 20.00 0.96 1718 45895
 25.00 0.97 1699 61053
 30.00 0.97 1651 64117
 5.00 0.93 1756 23288
 10.00 0.92 1769 19288
 15.00 0.97 1605 50343
 20.00 0.96 1665 37767
 25.00 0.96 1695 42486
 30.00 0.96 1598 43948
 5.00 0.89 1776 14943
 10.00 0.95 1743 33030
 15.00 0.96 1714 44678
 20.00 0.96 1716 41485
 25.00 0.96 1595 39329
 30.00 0.97 1690 63111
 5.00 0.91 1771 18143
 10.00 0.92 1744 19355
 15.00 0.94 1749 25254
 20.00 0.96 1725 40686
 25.00 0.97 1687 58617
 30.00 0.97 1699 52537
 5.00 0.89 1776 13701
 10.00 0.93 1757 24529
 15.00 0.94 1748 28502
 20.00 0.97 1699 50826
 25.00 0.96 1721 44014
 30.00 0.97 1678 61673
 5.00 0.91 1748 18595
 10.00 0.92 1768 21726
 15.00 0.95 1733 34941
 20.00 0.96 1719 44507
 25.00 0.97 1718 48933
 30.00 0.97 1697 59951
 5.00 0.94 1759 26421
 10.00 0.91 1750 18203
 15.00 0.96 1727 44791
 20.00 0.97 1726 48170
 25.00 0.96 1712 39588
 30.00 0.97 1703 57754
 5.00 0.82 1781 8189
 10.00 0.93 1740 24718
 15.00 0.93 1732 24262
 20.00 0.97 1712 49196
 25.00 0.96 1735 45513
 30.00 0.97 1705 50163
 