10.00 0.61 300 117 
 20.00 0.32 300 205 
 30.00 0.21 300 236 
 40.00 0.05 300 285 
 50.00 0.08 300 275 
 60.00 0.07 300 279 
 10.00 0.37 300 188 
 20.00 0.16 300 251 
 30.00 0.34 300 198 
 40.00 0.07 300 279 
 50.00 0.05 300 286 
 60.00 0.03 300 290 
 10.00 0.53 300 142 
 20.00 0.07 300 279 
 30.00 0.18 300 247 
 40.00 0.07 300 280 
 50.00 0.04 300 289 
 60.00 0.06 300 282 
 10.00 0.30 300 211 
 20.00 0.08 300 276 
 30.00 0.02 300 294 
 40.00 0.03 300 290 
 50.00 0.10 300 271 
 60.00 0.05 300 284 
 10.00 0.71 300 87 
 20.00 0.22 300 234 
 30.00 0.05 300 286 
 40.00 0.10 300 269 
 50.00 0.15 300 256 
 60.00 0.04 300 287 
 10.00 0.40 300 181 
 20.00 0.14 300 259 
 30.00 0.06 300 282 
 40.00 0.02 300 293 
 50.00 0.04 300 288 
 60.00 0.05 300 284 
 10.00 0.61 300 117 
 20.00 0.12 300 265 
 30.00 0.18 300 246 
 40.00 0.08 300 276 
 50.00 0.02 300 293 
 60.00 0.11 300 268 
 10.00 0.09 300 274 
 20.00 0.11 300 268 
 30.00 0.05 300 286 
 40.00 0.03 300 291 
 50.00 0.06 300 283 
 60.00 0.05 300 285 
 10.00 0.69 300 94 
 20.00 0.24 300 229 
 30.00 0.16 300 253 
 40.00 0.04 300 287 
 50.00 0.04 300 288 
 60.00 0.01 300 298 
 10.00 0.06 300 281 
 20.00 0.42 300 175 
 30.00 0.04 300 287 
 40.00 0.17 300 250 
 50.00 0.14 300 257 
 60.00 0.06 300 281 
 