10.00 0.47 1298 1158
 20.00 0.81 1521 6676
 30.00 0.92 1612 17388
 40.00 0.92 1693 19957
 50.00 0.95 1739 33572
 60.00 0.97 1739 54005
 10.00 0.42 1459 1062
 20.00 0.84 1496 8008
 30.00 0.90 1582 13540
 40.00 0.91 1743 18747
 50.00 0.94 1731 29138
 60.00 0.96 1760 40517
 10.00 0.47 1393 1252
 20.00 0.66 1734 3302
 30.00 0.87 1702 11910
 40.00 0.94 1682 26428
 50.00 0.93 1767 21975
 60.00 0.95 1758 31598
 10.00 0.64 1259 2270
 20.00 0.67 1677 3464
 30.00 0.89 1713 14148
 40.00 0.91 1724 17832
 50.00 0.94 1737 26700
 60.00 0.95 1742 33959
 10.00 0.70 1218 2893
 20.00 0.86 1507 9023
 30.00 0.81 1761 7722
 40.00 0.93 1734 21879
 50.00 0.94 1706 27742
 60.00 0.95 1754 35940
 10.00 0.68 1207 2563
 20.00 0.77 1659 5535
 30.00 0.91 1707 17446
 40.00 0.90 1751 16113
 50.00 0.96 1737 37342
 60.00 0.95 1762 33165
 10.00 0.60 1221 1812
 20.00 0.75 1630 4764
 30.00 0.91 1513 14983
 40.00 0.94 1695 25513
 50.00 0.92 1775 20067
 60.00 0.96 1734 45775
 10.00 0.41 1359 960
 20.00 0.83 1558 7475
 30.00 0.89 1707 13261
 40.00 0.88 1765 12439
 50.00 0.95 1727 30840
 60.00 0.96 1754 37235
 10.00 0.61 1172 1819
 20.00 0.80 1541 6260
 30.00 0.86 1729 10576
 40.00 0.92 1749 19054
 50.00 0.93 1760 24380
 60.00 0.95 1764 34814
 10.00 0.44 1474 1151
 20.00 0.83 1596 7671
 30.00 0.90 1688 14880
 40.00 0.91 1732 16985
 50.00 0.95 1685 29266
 60.00 0.94 1764 28054
 