5.00 0.90 1768 15388
 10.00 0.90 1777 15429
 15.00 0.96 1725 41808
 20.00 0.96 1719 37117
 25.00 0.97 1702 52845
 30.00 0.98 1653 70474
 5.00 0.92 1704 19203
 10.00 0.93 1753 22709
 15.00 0.95 1737 36543
 20.00 0.97 1725 48004
 25.00 0.97 1716 50449
 30.00 0.96 1718 42567
 5.00 0.87 1765 11916
 10.00 0.91 1764 18618
 15.00 0.95 1686 31283
 20.00 0.95 1750 30572
 25.00 0.97 1700 51880
 30.00 0.98 1635 64060
 5.00 0.90 1777 15599
 10.00 0.95 1743 32334
 15.00 0.94 1720 27920
 20.00 0.97 1702 49139
 25.00 0.97 1695 51085
 30.00 0.97 1683 53662
 5.00 0.83 1785 8896
 10.00 0.94 1749 29233
 15.00 0.95 1742 35048
 20.00 0.96 1706 42158
 25.00 0.95 1731 33363
 30.00 0.97 1699 55034
 5.00 0.89 1737 14583
 10.00 0.94 1756 25431
 15.00 0.95 1749 33566
 20.00 0.97 1706 56435
 25.00 0.96 1706 43342
 30.00 0.98 1682 66773
 5.00 0.93 1761 21930
 10.00 0.96 1699 39940
 15.00 0.95 1745 35596
 20.00 0.96 1724 47349
 25.00 0.97 1697 47178
 30.00 0.97 1686 65275
 5.00 0.85 1781 9839
 10.00 0.94 1747 27686
 15.00 0.96 1687 45630
 20.00 0.95 1743 31763
 25.00 0.96 1664 43438
 30.00 0.97 1685 55692
 5.00 0.86 1780 11396
 10.00 0.93 1765 22912
 15.00 0.96 1720 44317
 20.00 0.96 1683 44026
 25.00 0.96 1721 43626
 30.00 0.97 1702 53255
 5.00 0.93 1763 25105
 10.00 0.91 1766 18882
 15.00 0.95 1731 34360
 20.00 0.95 1745 34059
 25.00 0.96 1697 42923
 30.00 0.98 1654 80160
 