5.00 0.07 300 279 
 10.00 0.03 300 291 
 15.00 0.12 300 265 
 20.00 0.07 300 278 
 25.00 0.11 300 268 
 30.00 0.10 300 271 
 5.00 0.01 300 297 
 10.00 0.05 300 286 
 15.00 0.05 300 286 
 20.00 0.12 300 265 
 25.00 0.07 300 278 
 30.00 0.05 300 285 
 5.00 0.01 300 297 
 10.00 0.06 300 282 
 15.00 0.13 300 261 
 20.00 0.06 300 283 
 25.00 0.14 300 259 
 30.00 0.14 300 258 
 5.00 0.02 300 295 
 10.00 0.04 300 288 
 15.00 0.05 300 284 
 20.00 0.11 300 268 
 25.00 0.12 300 265 
 30.00 0.12 300 265 
 5.00 0.03 300 291 
 10.00 0.11 300 266 
 15.00 0.09 300 273 
 20.00 0.09 300 272 
 25.00 0.02 300 295 
 30.00 0.09 300 273 
 5.00 0.15 300 256 
 10.00 0.03 300 291 
 15.00 0.03 300 292 
 20.00 0.10 300 271 
 25.00 0.12 300 264 
 30.00 0.18 300 247 
 5.00 0.04 300 287 
 10.00 0.04 300 287 
 15.00 0.05 300 286 
 20.00 0.06 300 283 
 25.00 0.10 300 269 
 30.00 0.12 300 265 
 5.00 0.01 300 297 
 10.00 0.10 300 269 
 15.00 0.08 300 276 
 20.00 0.05 300 285 
 25.00 0.07 300 278 
 30.00 0.10 300 271 
 5.00 0.02 300 293 
 10.00 0.03 300 292 
 15.00 0.12 300 265 
 20.00 0.12 300 264 
 25.00 0.09 300 272 
 30.00 0.08 300 275 
 5.00 0.04 300 288 
 10.00 0.04 300 287 
 15.00 0.06 300 282 
 20.00 0.05 300 285 
 25.00 0.10 300 271 
 30.00 0.17 300 250 
 