10.00 0.89 300 34 
 20.00 0.43 300 170 
 30.00 0.41 300 176 
 40.00 0.54 300 137 
 50.00 0.46 300 161 
 60.00 0.43 300 170 
 10.00 0.55 300 135 
 20.00 0.43 300 171 
 30.00 0.37 300 189 
 40.00 0.38 300 186 
 50.00 0.45 300 164 
 60.00 0.03 300 292 
 10.00 0.82 300 55 
 20.00 0.63 300 111 
 30.00 0.45 300 164 
 40.00 0.58 300 125 
 50.00 0.42 300 173 
 60.00 0.37 300 188 
 10.00 0.90 300 29 
 20.00 0.81 300 56 
 30.00 0.49 300 154 
 40.00 0.52 300 144 
 50.00 0.36 300 191 
 60.00 0.59 300 124 
 10.00 0.66 300 102 
 20.00 0.13 300 260 
 30.00 0.51 300 146 
 40.00 0.07 300 278 
 50.00 0.20 300 239 
 60.00 0.05 300 286 
 10.00 0.57 300 129 
 20.00 0.89 300 32 
 30.00 0.38 300 186 
 40.00 0.29 300 214 
 50.00 0.26 300 221 
 60.00 0.42 300 175 
 10.00 0.50 300 151 
 20.00 0.52 300 145 
 30.00 0.28 300 217 
 40.00 0.69 300 94 
 50.00 0.36 300 191 
 60.00 0.31 300 206 
 10.00 0.91 300 26 
 20.00 0.44 300 167 
 30.00 0.62 300 114 
 40.00 0.41 300 178 
 50.00 0.03 300 291 
 60.00 0.42 300 175 
 10.00 0.61 300 118 
 20.00 0.56 300 132 
 30.00 0.33 300 201 
 40.00 0.31 300 208 
 50.00 0.42 300 174 
 60.00 0.37 300 190 
 10.00 0.25 300 224 
 20.00 0.31 300 208 
 30.00 0.34 300 197 
 40.00 0.21 300 236 
 50.00 0.03 300 291 
 60.00 0.17 300 248 
 