10.00 0.57 1120 1496
 20.00 0.62 1516 2503
 30.00 0.84 1503 7709
 40.00 0.91 1498 15591
 50.00 0.93 1417 20375
 60.00 0.94 1424 20967
 10.00 0.40 1164 784
 20.00 0.82 1310 6062
 30.00 0.85 1521 8490
 40.00 0.92 1394 15121
 50.00 0.94 1396 20300
 60.00 0.91 1600 16900
 10.00 0.33 1265 619
 20.00 0.75 1371 4207
 30.00 0.86 1444 8624
 40.00 0.91 1501 15435
 50.00 0.92 1432 16243
 60.00 0.94 1458 24518
 10.00 0.43 1348 1013
 20.00 0.71 1144 2846
 30.00 0.87 1375 9471
 40.00 0.92 1386 16318
 50.00 0.94 1402 21885
 60.00 0.93 1405 18564
 10.00 0.47 1277 1138
 20.00 0.80 1349 5253
 30.00 0.86 1394 8422
 40.00 0.89 1511 12098
 50.00 0.93 1498 19794
 60.00 0.90 1640 14578
 10.00 0.46 1309 1113
 20.00 0.67 1339 2676
 30.00 0.80 1446 5858
 40.00 0.91 1447 15242
 50.00 0.91 1649 17664
 60.00 0.93 1464 19220
 10.00 0.53 1302 1469
 20.00 0.75 1205 3623
 30.00 0.67 1582 3276
 40.00 0.87 1475 9851
 50.00 0.91 1429 14217
 60.00 0.92 1517 18563
 10.00 0.58 1010 1373
 20.00 0.77 1305 4364
 30.00 0.80 1523 6135
 40.00 0.88 1518 11445
 50.00 0.91 1585 16311
 60.00 0.92 1433 17397
 10.00 0.48 1135 1036
 20.00 0.70 1492 3425
 30.00 0.87 1350 9428
 40.00 0.87 1503 9674
 50.00 0.91 1420 13663
 60.00 0.94 1461 24409
 10.00 0.40 1379 931
 20.00 0.67 1417 2889
 30.00 0.80 1509 6094
 40.00 0.87 1529 10536
 50.00 0.89 1630 13621
 60.00 0.94 1566 23903
 