5.00 0.36 300 191 
 10.00 0.37 300 190 
 15.00 0.14 300 257 
 20.00 0.37 300 189 
 25.00 0.30 300 210 
 30.00 0.33 300 202 
 5.00 0.34 300 197 
 10.00 0.23 300 231 
 15.00 0.49 300 153 
 20.00 0.39 300 183 
 25.00 0.49 300 152 
 30.00 0.48 300 155 
 5.00 0.43 300 171 
 10.00 0.42 300 175 
 15.00 0.16 300 253 
 20.00 0.38 300 186 
 25.00 0.40 300 181 
 30.00 0.16 300 251 
 5.00 0.11 300 267 
 10.00 0.49 300 153 
 15.00 0.42 300 174 
 20.00 0.58 300 126 
 25.00 0.17 300 248 
 30.00 0.03 300 291 
 5.00 0.01 300 297 
 10.00 0.43 300 172 
 15.00 0.29 300 214 
 20.00 0.53 300 141 
 25.00 0.18 300 247 
 30.00 0.44 300 167 
 5.00 0.30 300 209 
 10.00 0.57 300 129 
 15.00 0.32 300 205 
 20.00 0.42 300 174 
 25.00 0.53 300 140 
 30.00 0.35 300 194 
 5.00 0.01 300 298 
 10.00 0.49 300 152 
 15.00 0.55 300 134 
 20.00 0.56 300 132 
 25.00 0.57 300 128 
 30.00 0.40 300 181 
 5.00 0.40 300 181 
 10.00 0.49 300 152 
 15.00 0.43 300 170 
 20.00 0.04 300 289 
 25.00 0.51 300 148 
 30.00 0.50 300 151 
 5.00 0.02 300 295 
 10.00 0.29 300 212 
 15.00 0.20 300 241 
 20.00 0.37 300 189 
 25.00 0.39 300 182 
 30.00 0.26 300 223 
 5.00 0.36 300 192 
 10.00 0.36 300 192 
 15.00 0.49 300 154 
 20.00 0.42 300 175 
 25.00 0.00 300 300 
 30.00 0.31 300 207 
 