5.00 0.90 1636 14296
 10.00 0.90 1543 13436
 15.00 0.95 1465 29434
 20.00 0.96 1387 33048
 25.00 0.96 1391 35188
 30.00 0.96 1434 39265
 5.00 0.87 1616 10489
 10.00 0.94 1424 21689
 15.00 0.94 1409 21962
 20.00 0.95 1380 28130
 25.00 0.96 1401 32961
 30.00 0.96 1370 36339
 5.00 0.92 1419 17061
 10.00 0.90 1520 13362
 15.00 0.93 1478 20521
 20.00 0.94 1492 25321
 25.00 0.94 1425 23866
 30.00 0.95 1488 28022
 5.00 0.78 1690 5955
 10.00 0.95 1459 25442
 15.00 0.94 1447 23432
 20.00 0.96 1316 34945
 25.00 0.95 1555 29672
 30.00 0.90 1632 15160
 5.00 0.82 1630 7189
 10.00 0.94 1506 21664
 15.00 0.94 1425 21337
 20.00 0.95 1393 27436
 25.00 0.94 1539 24522
 30.00 0.95 1538 27549
 5.00 0.87 1628 11250
 10.00 0.94 1496 21581
 15.00 0.94 1455 21731
 20.00 0.95 1446 28135
 25.00 0.96 1335 29239
 30.00 0.96 1383 34106
 5.00 0.89 1547 12020
 10.00 0.93 1453 19137
 15.00 0.96 1317 32270
 20.00 0.97 1426 40896
 25.00 0.96 1380 29489
 30.00 0.96 1398 33220
 5.00 0.87 1525 10165
 10.00 0.94 1384 23296
 15.00 0.94 1456 22254
 20.00 0.93 1702 21957
 25.00 0.95 1424 27835
 30.00 0.96 1387 31531
 5.00 0.85 1665 9713
 10.00 0.91 1490 14583
 15.00 0.93 1495 20709
 20.00 0.93 1449 20829
 25.00 0.95 1510 26056
 30.00 0.95 1593 29399
 5.00 0.85 1560 8660
 10.00 0.92 1422 16261
 15.00 0.94 1376 22313
 20.00 0.92 1542 18078
 25.00 0.94 1556 24071
 30.00 0.95 1458 27826
 