400.00 0.64
 500.00 0.64
 600.00 0.81
 700.00 0.56
 800.00 0.56
 900.00 0.13
 400.00 0.83
 500.00 0.72
 600.00 0.82
 700.00 0.82
 800.00 0.74
 900.00 0.48
 400.00 0.76
 500.00 0.76
 600.00 0.70
 700.00 0.77
 800.00 0.54
 900.00 0.32
 400.00 0.81
 500.00 0.82
 600.00 0.75
 700.00 0.60
 800.00 0.67
 900.00 0.39
 400.00 0.81
 500.00 0.80
 600.00 0.73
 700.00 0.70
 800.00 0.70
 900.00 0.57
 400.00 0.81
 500.00 0.74
 600.00 0.73
 700.00 0.69
 800.00 0.56
 900.00 0.41
 400.00 0.78
 500.00 0.69
 600.00 0.63
 700.00 0.63
 800.00 0.62
 900.00 0.61
 400.00 0.73
 500.00 0.76
 600.00 0.69
 700.00 0.56
 800.00 0.45
 900.00 0.37
 400.00 0.82
 500.00 0.78
 600.00 0.78
 700.00 0.72
 800.00 0.65
 900.00 0.59
 400.00 0.81
 500.00 0.78
 600.00 0.68
 700.00 0.77
 800.00 0.70
 900.00 0.70
 