400.00 0.62
 500.00 0.61
 600.00 0.87
 700.00 0.53
 800.00 0.53
 900.00 0.52
 400.00 0.57
 500.00 0.56
 600.00 0.55
 700.00 0.54
 800.00 0.52
 900.00 0.50
 400.00 0.61
 500.00 0.60
 600.00 0.61
 700.00 0.52
 800.00 0.71
 900.00 0.70
 400.00 0.46
 500.00 0.45
 600.00 0.07
 700.00 0.34
 800.00 0.48
 900.00 0.56
 400.00 0.95
 500.00 0.95
 600.00 0.98
 700.00 0.98
 800.00 0.98
 900.00 0.99
 400.00 0.56
 500.00 0.75
 600.00 0.81
 700.00 0.85
 800.00 0.90
 900.00 0.92
 400.00 0.23
 500.00 0.40
 600.00 0.33
 700.00 0.44
 800.00 0.46
 900.00 0.47
 400.00 0.38
 500.00 0.40
 600.00 0.46
 700.00 0.50
 800.00 0.46
 900.00 0.58
 400.00 0.87
 500.00 0.88
 600.00 0.89
 700.00 0.86
 800.00 0.93
 900.00 0.98
 400.00 0.72
 500.00 0.75
 600.00 0.78
 700.00 0.82
 800.00 0.85
 900.00 0.95
 