10.00 0.36
 20.00 -0.06
 30.00 0.52
 40.00 0.64
 50.00 0.83
 60.00 0.91
 10.00 0.26
 20.00 0.77
 30.00 0.02
 40.00 0.38
 50.00 0.38
 60.00 0.47
 10.00 0.42
 20.00 0.25
 30.00 0.76
 40.00 0.41
 50.00 0.38
 60.00 0.81
 10.00 0.61
 20.00 0.67
 30.00 0.48
 40.00 0.12
 50.00 0.54
 60.00 0.46
 10.00 0.44
 20.00 0.72
 30.00 0.66
 40.00 0.16
 50.00 0.44
 60.00 0.35
 10.00 0.41
 20.00 0.34
 30.00 0.36
 40.00 0.21
 50.00 0.93
 60.00 0.87
 10.00 0.51
 20.00 0.16
 30.00 0.69
 40.00 0.33
 50.00 0.55
 60.00 0.72
 10.00 0.40
 20.00 0.71
 30.00 0.42
 40.00 0.72
 50.00 0.18
 60.00 0.86
 10.00 0.50
 20.00 0.61
 30.00 0.48
 40.00 0.52
 50.00 0.71
 60.00 0.70
 10.00 0.47
 20.00 0.14
 30.00 0.15
 40.00 0.84
 50.00 0.30
 60.00 0.76
 