10.00 0.10
 20.00 0.46
 30.00 0.69
 40.00 0.68
 50.00 0.79
 60.00 0.86
 10.00 0.04
 20.00 0.31
 30.00 0.49
 40.00 0.83
 50.00 0.78
 60.00 0.83
 10.00 0.07
 20.00 0.50
 30.00 0.68
 40.00 0.64
 50.00 0.86
 60.00 0.90
 10.00 0.22
 20.00 0.72
 30.00 0.63
 40.00 0.73
 50.00 0.83
 60.00 0.87
 10.00 0.13
 20.00 0.57
 30.00 0.82
 40.00 0.81
 50.00 0.85
 60.00 0.85
 10.00 0.02
 20.00 0.32
 30.00 0.67
 40.00 0.68
 50.00 0.88
 60.00 0.89
 10.00 0.07
 20.00 0.40
 30.00 0.69
 40.00 0.74
 50.00 0.85
 60.00 0.84
 10.00 0.11
 20.00 0.49
 30.00 0.65
 40.00 0.85
 50.00 0.80
 60.00 0.86
 10.00 0.02
 20.00 0.40
 30.00 0.73
 40.00 0.82
 50.00 0.88
 60.00 0.82
 10.00 0.12
 20.00 0.37
 30.00 0.75
 40.00 0.72
 50.00 0.86
 60.00 0.89
 