5.00 0.80
 10.00 0.77
 15.00 0.46
 20.00 0.53
 25.00 0.77
 30.00 0.76
 5.00 0.86
 10.00 0.16
 15.00 0.28
 20.00 0.50
 25.00 0.66
 30.00 0.71
 5.00 0.64
 10.00 0.46
 15.00 0.61
 20.00 0.53
 25.00 0.68
 30.00 0.74
 5.00 0.33
 10.00 0.39
 15.00 0.05
 20.00 0.68
 25.00 0.20
 30.00 0.68
 5.00 0.17
 10.00 0.81
 15.00 0.48
 20.00 0.31
 25.00 0.65
 30.00 0.64
 5.00 0.17
 10.00 0.56
 15.00 0.70
 20.00 0.54
 25.00 0.59
 30.00 0.68
 5.00 0.76
 10.00 0.09
 15.00 0.88
 20.00 0.53
 25.00 0.58
 30.00 0.33
 5.00 0.85
 10.00 0.40
 15.00 0.63
 20.00 0.49
 25.00 0.74
 30.00 0.26
 5.00 0.32
 10.00 0.68
 15.00 0.62
 20.00 0.68
 25.00 0.80
 30.00 0.31
 5.00 0.37
 10.00 0.60
 15.00 0.67
 20.00 0.72
 25.00 0.71
 30.00 0.83
 