5.00 0.82
 10.00 0.74
 15.00 0.79
 20.00 0.86
 25.00 0.87
 30.00 0.86
 5.00 0.79
 10.00 0.83
 15.00 0.78
 20.00 0.82
 25.00 0.85
 30.00 0.85
 5.00 0.74
 10.00 0.80
 15.00 0.87
 20.00 0.80
 25.00 0.83
 30.00 0.86
 5.00 0.84
 10.00 0.84
 15.00 0.81
 20.00 0.87
 25.00 0.86
 30.00 0.84
 5.00 0.59
 10.00 0.83
 15.00 0.87
 20.00 0.81
 25.00 0.85
 30.00 0.88
 5.00 0.82
 10.00 0.86
 15.00 0.85
 20.00 0.86
 25.00 0.84
 30.00 0.85
 5.00 0.76
 10.00 0.78
 15.00 0.85
 20.00 0.84
 25.00 0.85
 30.00 0.82
 5.00 0.84
 10.00 0.82
 15.00 0.84
 20.00 0.83
 25.00 0.83
 30.00 0.80
 5.00 0.71
 10.00 0.82
 15.00 0.88
 20.00 0.86
 25.00 0.90
 30.00 0.83
 5.00 0.88
 10.00 0.85
 15.00 0.81
 20.00 0.89
 25.00 0.85
 30.00 0.90
 