4.00 0.74
 5.00 0.79
 6.00 0.82
 7.00 0.67
 8.00 0.54
 9.00 0.15
 4.00 0.83
 5.00 0.73
 6.00 0.70
 7.00 0.80
 8.00 0.68
 9.00 0.20
 4.00 0.80
 5.00 0.84
 6.00 0.85
 7.00 0.53
 8.00 0.43
 9.00 0.11
 4.00 0.84
 5.00 0.83
 6.00 0.80
 7.00 0.71
 8.00 0.58
 9.00 0.57
 4.00 0.83
 5.00 0.86
 6.00 0.76
 7.00 0.72
 8.00 0.35
 9.00 0.11
 4.00 0.86
 5.00 0.79
 6.00 0.74
 7.00 0.74
 8.00 0.53
 9.00 0.16
 4.00 0.78
 5.00 0.77
 6.00 0.72
 7.00 0.65
 8.00 0.30
 9.00 0.23
 4.00 0.82
 5.00 0.73
 6.00 0.73
 7.00 0.72
 8.00 0.20
 9.00 0.08
 4.00 0.82
 5.00 0.79
 6.00 0.75
 7.00 0.70
 8.00 0.27
 9.00 0.13
 4.00 0.85
 5.00 0.85
 6.00 0.73
 7.00 0.73
 8.00 0.52
 9.00 0.33
 