4.00 0.77
 5.00 0.61
 6.00 0.84
 7.00 0.56
 8.00 0.60
 9.00 0.49
 4.00 0.16
 5.00 0.26
 6.00 0.45
 7.00 0.51
 8.00 0.32
 9.00 0.35
 4.00 0.46
 5.00 0.29
 6.00 0.46
 7.00 0.21
 8.00 0.48
 9.00 0.50
 4.00 0.39
 5.00 0.50
 6.00 0.40
 7.00 0.12
 8.00 0.32
 9.00 0.25
 4.00 0.81
 5.00 0.72
 6.00 0.56
 7.00 0.59
 8.00 0.32
 9.00 0.66
 4.00 0.56
 5.00 0.53
 6.00 0.46
 7.00 0.42
 8.00 0.74
 9.00 0.77
 4.00 0.09
 5.00 0.13
 6.00 0.03
 7.00 -0.10
 8.00 0.12
 9.00 0.03
 4.00 0.40
 5.00 0.40
 6.00 0.46
 7.00 0.41
 8.00 0.27
 9.00 0.39
 4.00 0.68
 5.00 0.40
 6.00 0.63
 7.00 0.66
 8.00 0.45
 9.00 0.37
 4.00 0.60
 5.00 0.83
 6.00 0.73
 7.00 0.63
 8.00 0.46
 9.00 0.77
 