10.00 0.78 300 65 
 20.00 0.32 300 205 
 30.00 0.03 300 290 
 40.00 0.26 300 223 
 50.00 0.22 300 233 
 60.00 0.13 300 262 
 10.00 0.23 300 230 
 20.00 0.16 300 251 
 30.00 0.16 300 253 
 40.00 0.25 300 225 
 50.00 0.02 300 294 
 60.00 0.02 300 293 
 10.00 0.78 300 66 
 20.00 0.35 300 195 
 30.00 0.12 300 263 
 40.00 0.13 300 261 
 50.00 0.22 300 234 
 60.00 0.03 300 290 
 10.00 0.52 300 145 
 20.00 0.08 300 275 
 30.00 0.30 300 211 
 40.00 0.04 300 289 
 50.00 0.21 300 236 
 60.00 0.17 300 250 
 10.00 0.07 300 279 
 20.00 0.19 300 242 
 30.00 0.07 300 280 
 40.00 0.08 300 276 
 50.00 0.02 300 294 
 60.00 0.06 300 281 
 10.00 0.45 300 164 
 20.00 0.17 300 250 
 30.00 0.10 300 270 
 40.00 0.11 300 267 
 50.00 0.14 300 258 
 60.00 0.07 300 278 
 10.00 0.42 300 174 
 20.00 0.22 300 234 
 30.00 0.25 300 226 
 40.00 0.06 300 283 
 50.00 0.05 300 286 
 60.00 0.15 300 256 
 10.00 0.54 300 139 
 20.00 0.39 300 183 
 30.00 0.21 300 237 
 40.00 0.03 300 290 
 50.00 0.15 300 256 
 60.00 0.01 300 296 
 10.00 0.50 300 149 
 20.00 0.31 300 206 
 30.00 0.05 300 285 
 40.00 0.11 300 267 
 50.00 0.04 300 289 
 60.00 0.15 300 256 
 10.00 0.38 300 186 
 20.00 0.53 300 142 
 30.00 0.32 300 205 
 40.00 0.17 300 248 
 50.00 0.38 300 185 
 60.00 0.19 300 243 
 