10.00 0.50 1128 1113
 20.00 0.78 1636 5773
 30.00 0.87 1696 11245
 40.00 0.95 1490 28825
 50.00 0.94 1609 23432
 60.00 0.96 1644 44126
 10.00 0.42 1395 991
 20.00 0.74 1690 4838
 30.00 0.87 1645 10547
 40.00 0.91 1681 17545
 50.00 0.93 1658 23565
 60.00 0.92 1744 20777
 10.00 0.63 1247 2123
 20.00 0.70 1667 3962
 30.00 0.81 1504 6378
 40.00 0.88 1706 12166
 50.00 0.95 1584 33222
 60.00 0.95 1716 29849
 10.00 0.61 1341 2054
 20.00 0.76 1546 4859
 30.00 0.85 1522 8502
 40.00 0.84 1763 9226
 50.00 0.95 1641 30831
 60.00 0.94 1702 27673
 10.00 0.35 1316 713
 20.00 0.82 1584 7386
 30.00 0.86 1712 10867
 40.00 0.90 1700 15354
 50.00 0.92 1726 20309
 60.00 0.95 1755 31326
 10.00 0.46 1439 1216
 20.00 0.66 1676 3218
 30.00 0.83 1622 7989
 40.00 0.87 1725 11452
 50.00 0.93 1700 22865
 60.00 0.95 1752 32437
 10.00 0.48 1521 1384
 20.00 0.89 1475 12048
 30.00 0.81 1706 7509
 40.00 0.90 1686 15973
 50.00 0.89 1741 13999
 60.00 0.96 1726 37076
 10.00 0.43 1372 1035
 20.00 0.78 1534 5483
 30.00 0.85 1573 9081
 40.00 0.90 1719 15567
 50.00 0.93 1681 23872
 60.00 0.90 1762 16024
 10.00 0.56 1565 1989
 20.00 0.79 1628 6234
 30.00 0.86 1722 10184
 40.00 0.92 1657 19697
 50.00 0.92 1757 20107
 60.00 0.94 1717 26063
 10.00 0.56 1430 1828
 20.00 0.82 1486 6814
 30.00 0.87 1599 10771
 40.00 0.91 1682 17374
 50.00 0.96 1517 34492
 60.00 0.95 1674 33774
 