5.00 0.91 1709 17360
 10.00 0.92 1710 19819
 15.00 0.94 1678 26949
 20.00 0.95 1671 30742
 25.00 0.95 1612 33337
 30.00 0.96 1611 40268
 5.00 0.88 1720 12786
 10.00 0.92 1667 20419
 15.00 0.94 1645 24612
 20.00 0.96 1707 39732
 25.00 0.96 1533 41234
 30.00 0.96 1575 38085
 5.00 0.91 1708 17903
 10.00 0.93 1624 23036
 15.00 0.95 1631 28206
 20.00 0.96 1604 44021
 25.00 0.97 1544 46420
 30.00 0.96 1647 38220
 5.00 0.85 1737 9950
 10.00 0.91 1712 17950
 15.00 0.96 1597 42065
 20.00 0.96 1581 33820
 25.00 0.97 1540 45531
 30.00 0.97 1560 44264
 5.00 0.92 1736 18730
 10.00 0.92 1752 20271
 15.00 0.95 1686 31763
 20.00 0.96 1597 37701
 25.00 0.96 1590 36481
 30.00 0.96 1578 42609
 5.00 0.87 1777 11527
 10.00 0.94 1653 26990
 15.00 0.94 1653 27088
 20.00 0.96 1565 36038
 25.00 0.96 1565 43015
 30.00 0.96 1620 34460
 5.00 0.89 1708 13453
 10.00 0.95 1588 29379
 15.00 0.95 1626 30555
 20.00 0.97 1574 44671
 25.00 0.96 1506 40081
 30.00 0.96 1597 37702
 5.00 0.85 1751 9705
 10.00 0.89 1744 13692
 15.00 0.95 1655 30366
 20.00 0.96 1582 39141
 25.00 0.97 1534 49671
 30.00 0.97 1630 47903
 5.00 0.84 1750 9227
 10.00 0.93 1684 23021
 15.00 0.93 1669 22427
 20.00 0.95 1675 30550
 25.00 0.96 1630 36806
 30.00 0.96 1588 38906
 5.00 0.92 1725 19090
 10.00 0.93 1665 23173
 15.00 0.95 1684 30132
 20.00 0.93 1711 22325
 25.00 0.97 1543 53809
 30.00 0.97 1556 49008
 