5.00 0.11 300 267 
 10.00 0.02 300 294 
 15.00 0.20 300 239 
 20.00 0.20 300 239 
 25.00 0.12 300 265 
 30.00 0.32 300 205 
 5.00 0.15 300 256 
 10.00 0.06 300 283 
 15.00 0.12 300 265 
 20.00 0.09 300 273 
 25.00 0.33 300 200 
 30.00 0.14 300 257 
 5.00 0.17 300 250 
 10.00 0.21 300 238 
 15.00 0.17 300 249 
 20.00 0.25 300 224 
 25.00 0.26 300 223 
 30.00 0.23 300 230 
 5.00 0.01 300 296 
 10.00 0.12 300 265 
 15.00 0.29 300 214 
 20.00 0.32 300 203 
 25.00 0.27 300 220 
 30.00 0.30 300 211 
 5.00 0.04 300 287 
 10.00 0.07 300 280 
 15.00 0.24 300 227 
 20.00 0.30 300 211 
 25.00 0.21 300 236 
 30.00 0.21 300 238 
 5.00 0.02 300 293 
 10.00 0.02 300 293 
 15.00 0.23 300 230 
 20.00 0.26 300 222 
 25.00 0.32 300 204 
 30.00 0.28 300 216 
 5.00 0.08 300 275 
 10.00 0.22 300 235 
 15.00 0.20 300 241 
 20.00 0.23 300 232 
 25.00 0.27 300 219 
 30.00 0.07 300 278 
 5.00 0.01 300 298 
 10.00 0.01 300 297 
 15.00 0.23 300 230 
 20.00 0.37 300 189 
 25.00 0.29 300 213 
 30.00 0.13 300 261 
 5.00 0.13 300 261 
 10.00 0.12 300 265 
 15.00 0.21 300 238 
 20.00 0.15 300 254 
 25.00 0.14 300 257 
 30.00 0.17 300 248 
 5.00 0.04 300 289 
 10.00 0.15 300 256 
 15.00 0.12 300 265 
 20.00 0.04 300 288 
 25.00 0.40 300 179 
 30.00 0.20 300 241 
 